1111 11. PHlL. MEL. CONFUTATIO ARTICULORUM RUSTICANORM. 650
111111 111111 1111111111111111111111111111111 Ι 1111111111 1111111111, 11111 11 11111111 111 11111111,

1111111, 11111111 1111 1111111 111111111111111,11111 ζ 111 1111111111 1111111111 1111 1111111 1111111 1111,
1111 11111 1111111111, 11111 1111111111111111 111 11111111 16. 31111111 111 1111111 1111111111 111
&tem 111111 11111, 111 111 111111 11 11111111111111, j 1111, 11113111111119.111111111111111111111111
111111 11 111111111 11111111 1111111 11111111 11111111. 3 111, 111111111111111,11111111111111. zama
11111 11111111111111111111 111111 111111 1111111111 111311111116111111111111111111. 11111111
11111111131111111, 1111111111 111111111111. 3 1111 11111, 111 11 1111111 111111, 11111111 111 111111

11111111 1111 11111111. 21. 11111111 111, 1111 ³ 111111111111111111, 11111111111111111. 1. 1111.
1111 11111111111111111111111, 11111, 11 1111111111 ξ 16. 1111 11111111 1111 11111 1111111111 1111111111,
11111111111111111111,11111111111111,111111111 11111111 1111111111, 1111111111 111 11111 111 11
1111111, 1111111, 11 111 1111111, 11111 11111111, 111 ³ 111111, 111 111111111111111, 111111111111111
11111 11111111 111, 1111 1111 1111 1111111, 11111111 11111 111111, 111111111111111111111111111111, 111

1111111111,11111111111111111111111111111111 1111111111111111111111111111111,1111111111 ‘Mt ‘

1111 1111 111111 1111 11111111 1111 11111111 1111111,1111,,111111,1111111111.
1111111 11111611111111111119. 111 1111111 111 j 11111 1111111 &atomo 1111111114. 1111111111
1111111 11111111, 1111 1111 1111111111111111111111 111111 (1111 111 111 11111 111 111111 1111 11111 111111
1111, 11111, 1111111111ῑὼ 1111111111111111, 1 111 1111111111, 1111 111 1111111 11111 11111111
111111, 1111 1111 11111 11111, 1111111111. 11111111. 11. . 111111.
1111111111, 11111111 11111 111111, 1111 111 111111 11111 111 1111111111 1111111111, 1111111
11111111, 11111111111111111111111, 111 11111111. 1 1111111, 111111 1111111 111 11111111111, 1111111 1111
16. 111111111111111111111111,11111111111111111111111111, 1111 1111111111 1111 1111115. 311
1111111111111111111, 11111, 1111111111111111111 · 111 1111, 111111 1111 11111 1111111111 1111111111
1111111, 1111111 1111 111 1111 8111111, 1111111 1111. Θ1111111 1111111111 1111 1111111 111111, 11111
1111 11111111111111111,11111111111111111111111,,11111111111111111111. 1111111 11111111. 311
1111111 11 1111111111 1111, 111 1111111 1111111111 ξ 1111111111 11111 1111 1111111, 1111111 11111111, 111111
111 1111111111 1111, 111111 11111 1111111111 11111111 ξ 111111111111111, mit 1111111111111, 1111111 1111
1111111111111111111111111. 1 111111111, 6111111111 1111111, 1111111 111111 11111
1111111,111111111111111111111111, 1111 Ι 1111111, 111 111111 111111 111111 111 1111 1111111,
111111111111111111111, 11111111, 11111111111111 1 1111111 11111 1111 1111 1111111, 1111111 1111 (11111111
1111111 11111, 111 11111111111111111111, 11111111 l 1111111111111, 1111111 1111111111, 11111111 1111111
111 1111111111 111111 1111111111, 1111 1111 111111 11111 Ι 1111111111111111111 111111, 11111111 1111111 111
11, 1111111111 1111111111111111111111, 11111111 1 ,1111111111 1111111 11111, 1111111 1111 1111111111 ·
1111111111 1111111111111, 1111111111 111111 11111, 111 11111111. ι
111111 111 111111 1111111111 111111 Ξ1111111, 1111111 1111111111 auem 1111111111 1111 1111, 111 11111111
111 11111111 11 111111 1111111111, 11111111111111111 , 111 1111111111111111111111111111111111131111111
11111, 1111111111111111111 11111111 11111111111ξ11111111111111111, 1111111111111111 11111,
1111111, 1111 mitt 1111 11111111 1111111111, 11111, 111111111111111111, 11111111111111111, 1111
11111111111111111111111111111111111, 1111111 1 11111 111 1111111 111111111111111, 1111111111 111 11
11111111 111 11111111 111111111111111111111111111 ξ 1111 1111111111 1111111 111 131111111, 111 1111111111
111111. Ε. 1111111 1111 111 1111111111, 1111 (11111 j 111111 1111111111 1111111111, 111 11111111 1111 11111111
11111 1111111111 11111, 1111111111111111111111111, 111 1111 11 11111111, 11111, 11111111111111, 111111
111111111151111111 1111111, 1111111111111111, 111111111111111111111111111111, 111 11111111
1111111111111111111111111,111111111111111111111 1111 1111111111111111111111111, 111 111111 11111111
11111 11111111 11 11111111 11111, 111 11111111 ς 11111, 111 [ie 1111111111 111111, 11111111111111111
111111 1111111 1111 1111111111 111111, 111 111 1111 1 111111111111111111111,111111111111111111 111111,
1111 1111111111111, 1111111 11111111 1111111, 1111 3 111111111111111111111111111111111111111, 1111
111111 11111111111111111. 111111 11111 1111111 1111111111 1111111 1113111111,
11111 11111111 1111111111. 111.11.11Θ.1)111 “ 11111 11111111, 111 1111 1111 1111, 11111111 matt
111, 11111 111 1111111111 1111111111 11111111, mitt 1111111111 111111, 11111111111111111111111111,
11111111, 11 1111111111 1111111111, fo 1111 1111111 ‘ 111 111111111111111119. 1111111111111111, 111

 

